.Random.seed <-
c(403L, 10L, 1283906818L, -1976996812L, -1288368713L, 1579753901L, 
1815765700L, 670004970L, 1386977621L, 699494127L, 2094353654L, 
-185172960L, -1170850333L, 2033065601L, -715089680L, 1012438926L, 
-775067399L, -1627590005L, -933866822L, -950133316L, 162973439L, 
947882581L, 959229292L, -2092554814L, 1455277597L, -872808809L, 
-1741096962L, -710818888L, -1265344613L, -1459059207L, 1181254984L, 
-667938698L, 824876465L, -1842428957L, 325419186L, -2125026044L, 
1456729671L, 1578588445L, 695359380L, -168027334L, 1462773637L, 
1251054687L, 1470324454L, -764533392L, 1801195155L, -523520207L, 
-1853395488L, 967350910L, -1536161527L, -1041110213L, -1746951414L, 
695790316L, -182491281L, 701778085L, -1027202468L, 681284146L, 
849598765L, 1662164967L, -1621170418L, 277313768L, 1258261227L, 
-546602103L, -559096040L, 78611014L, -1818025311L, -1958869709L, 
-1939456862L, -1121373292L, -1867863529L, 1718791693L, 2088127268L, 
402773770L, -1328514443L, 2015619535L, 547582678L, 1212683904L, 
1199216835L, 1940903521L, 1339551440L, 767866926L, -1620619815L, 
-386190869L, -587418534L, -1929851364L, 1502396191L, -1946397835L, 
342432268L, 1598135266L, 863398077L, 10295095L, 356376542L, -1188524776L, 
229990523L, 1423275545L, -1350623576L, 1725557846L, -1961662255L, 
-1014213501L, -1633863918L, -362671452L, 337993319L, -331976771L, 
487145780L, 100688538L, 41640165L, 1205019263L, 337792006L, 1538523024L, 
843375155L, 865909201L, -725947520L, 579290718L, 1227038121L, 
-832336805L, -1414286230L, -327414516L, 2111377231L, 1201982469L, 
1663554236L, 448856978L, -1438859123L, -803236153L, -466731090L, 
2001406472L, -212013557L, -2054510871L, -1178738248L, 1312448102L, 
-829064447L, 884100499L, 619226690L, 1955068404L, 1888232439L, 
2052855789L, 124096644L, -1006164310L, 1985182741L, -297595729L, 
1527726774L, -419168032L, -550196189L, 1842574145L, -1675878864L, 
1798339662L, 2096174265L, 784371915L, 884227450L, 456188028L, 
-1300593473L, 1466831253L, 1784002988L, 404515714L, -748416675L, 
1298911319L, 46229310L, -273813640L, -1269070757L, -1266543687L, 
261009928L, -2144421706L, -989437967L, 290335267L, -869596558L, 
1662597316L, 224767623L, 84665949L, 417417300L, 759569018L, -1719107131L, 
-1543089377L, 156638886L, -2088595408L, -519957805L, 1138575601L, 
1560753184L, -700919106L, 1629853385L, 110015611L, -633853366L, 
-1684812116L, 1156516271L, -897343131L, -90099940L, -1728523406L, 
1338003437L, -1046716377L, -2030299058L, 1913281704L, -417541461L, 
665630665L, -538645544L, 2117401222L, -1506083999L, -1206386957L, 
-2066087582L, -678633516L, 1515047639L, -1262833459L, -1232648092L, 
-863410614L, 231674805L, -2063544561L, 256756758L, -337537344L, 
-2040573821L, -755512159L, 947561104L, 1699684718L, 814587673L, 
1464456107L, 1870725530L, -1646430884L, 1956424799L, -1877887947L, 
-1950117940L, 421440290L, 1550595453L, 509720183L, 1221644190L, 
-589762984L, 83625915L, 1857284441L, 1157817064L, -919790826L, 
602238097L, -533765821L, 428239954L, 1454714596L, 660019495L, 
-497869200L, -1530159804L, 1767095256L, 34336890L, -346937808L, 
333073084L, -190544044L, 576174658L, -259003488L, -510777156L, 
1098719696L, 902554978L, 833623016L, 10491852L, 2030163708L, 
-1016623118L, 1225096320L, -1072989964L, -898583416L, 1113810234L, 
-790150320L, -1804718996L, -1836130156L, -1907771054L, 1218658016L, 
-139915060L, 719247520L, -1916184190L, -1131743000L, -1530554132L, 
-1190520772L, -283860878L, -1475598224L, -817765852L, -1995070920L, 
1831053850L, -725741360L, -1676364228L, -1021752172L, 1384420482L, 
-737015872L, -1814713028L, -1020215664L, -2127047646L, 1673105416L, 
272088204L, 757514268L, -531585902L, 1614171264L, 853459988L, 
796517160L, 626005050L, 1084206288L, 370619500L, -1965386060L, 
848617490L, 1535033312L, 87722956L, -1838170656L, -1833661406L, 
951211304L, 605378828L, 1151716924L, -749746958L, 247560432L, 
-1292454076L, 489287768L, 1609957946L, -1655879440L, 210281148L, 
1260079636L, 2096475330L, -7850400L, 987071868L, -2099419952L, 
532460578L, -1088862040L, 1957338508L, 1557176764L, -1755969486L, 
1182028608L, -1493688652L, -43806392L, -838982L, -1753841904L, 
804585708L, -1376569260L, 1638450962L, -268705376L, -1049663540L, 
-135651488L, 108506306L, 2048314920L, 451373484L, 1656955708L, 
-566664334L, 846434096L, -893026268L, -166904264L, -1200909606L, 
-1769416816L, 860091644L, -145011308L, 233145154L, -670643712L, 
834242620L, -2123513264L, 845824162L, 1532085064L, 429275660L, 
-1131865380L, -1222070190L, 1575980160L, -710064300L, -748240920L, 
1856844538L, -1478736048L, 587916332L, 2046773620L, -1076515182L, 
1057415776L, 1910091916L, 455627104L, -1185703710L, 1620929704L, 
655808204L, 1406786044L, 1159891890L, -1392557072L, 375161284L, 
-1366475432L, 894497146L, -2050199120L, -414963268L, -589889964L, 
-939451966L, -781630688L, -118869060L, 462082128L, 1302354914L, 
2029944680L, 2013615948L, -1707266308L, 2026358514L, -188384000L, 
330529908L, 925527560L, 1588471226L, -152951344L, 1675814892L, 
1309322132L, 1931765970L, -1317841824L, -601387700L, 38957856L, 
-1999885694L, -364850712L, -1759618068L, 1829064252L, 1876838002L, 
1314155376L, 234753316L, -1766876616L, 534151578L, -1464742448L, 
653641148L, 1638731412L, -1190989182L, -1965437504L, -2118756548L, 
1096917648L, 1770956578L, -1674033656L, -1430396148L, -741477476L, 
1709390866L, 1950092160L, -770700524L, -929032920L, -788684742L, 
1040085968L, -142583188L, -1118655436L, -1840369518L, 1103919456L, 
1511046476L, 586618336L, 23165858L, 1416985512L, 901999756L, 
47834044L, -1923623822L, 215558128L, -994438076L, -1249761192L, 
-1147064262L, 1342580848L, -45388228L, -1350342892L, -1114993982L, 
-2074660128L, -550787972L, 577621200L, -91061342L, -1403748824L, 
48410892L, -1892239428L, 1648361778L, -39724864L, -69160396L, 
-409670968L, -1784753478L, 810704016L, 997947116L, -1866426796L, 
1665119890L, -1158732000L, -538388532L, -404084512L, 378543810L, 
-1544457176L, -1442726996L, -179438916L, -1409064462L, -1149741520L, 
42145700L, -674516552L, -1958728617L, 768674208L, 1204433662L, 
-49511989L, -1551030323L, -445019398L, -448859848L, -595633439L, 
-100881005L, 177493428L, 438789826L, -1355053353L, 1440229153L, 
-12460314L, 119306212L, 2054096661L, 306519871L, 1650219736L, 
-1300087050L, -288057085L, -1659270587L, 1664387682L, -1959228976L, 
1424996089L, 1522500651L, 1609122716L, 614652874L, 1009054911L, 
-1017833975L, 161062686L, -715430196L, 1773717149L, -1541647577L, 
1820622160L, -126630930L, -1746850661L, -1330592003L, 1945292266L, 
-343351672L, -1198176207L, -161754461L, 8780452L, -150475950L, 
760472231L, 850214641L, -1605054922L, 1269404372L, 1134126693L, 
837465199L, -1806692696L, 1110666246L, -511747789L, 509543829L, 
-1657107982L, -1136400832L, -552368215L, 1744480795L, -1662229524L, 
-939654150L, 566931503L, 1783996473L, -580914610L, 1330729628L, 
288552973L, 1335764087L, 1718154368L, 578642654L, -1840344661L, 
-77034835L, -319271142L, 880857048L, -19096511L, -1841509645L, 
-1534489324L, -433203038L, -1937853001L, -1618867839L, -764842106L, 
1982758340L, 899554549L, 1137014111L, 1276819384L, -1292207466L, 
501327011L, -640033179L, -1179546750L, -147429136L, -48394087L, 
-1965168501L, 795890044L, -1577857110L, -1938853921L, 935779689L, 
-264937090L, 994619756L, 1521740221L, 171465351L, 394681968L, 
-979557106L, 396274235L, -1482223331L, -55614518L, -1510007576L, 
-1009139759L, -1803128381L, -1596753212L, -144721550L, -1699896249L, 
634791953L, -440569450L, -1336859404L, 744083077L, 1692886991L, 
130254536L, -1788207258L, -344701549L, -1525942539L, -1771964718L, 
81346848L, 1223291145L, 550008379L, -494834804L, 417884698L, 
1597373071L, 1605969369L, -1893406098L, 1650178556L, -1200825491L, 
-354507497L, -946695968L, -775305538L, -894032757L, -386624755L, 
42119994L, -817820808L, 205994273L, -737127981L, 2067726580L, 
488784258L, -1566669801L, 1687737057L, -1013183450L, -1715840732L, 
-844654123L, -520800897L, -328446952L, 1004847926L, -366185021L, 
